[Textures]
Tiles/se_free_dirt_texture
Tiles/se_free_ground_texture
Tiles/se_free_mud_texture   
Tiles/se_free_grass_texture   
[Layout]	
3 3 3 3 3 3 3 3 3 3 3 3 3 3 3 3 3 3 2 2 2 2 2 2 3 3
3 3 3 3 3 3 3 3 3 3 3 3 3 3 3 3 3 3 2 2 2 2 2 2 3 3
3 3 3 3 3 3 3 3 3 3 3 3 3 3 3 3 3 3 2 2 2 2 2 2 3 3
3 3 3 3 3 3 3 3 3 3 3 3 3 3 3 3 3 3 2 2 2 2 2 2 3 3
3 3 3 3 3 3 3 3 3 3 3 3 3 3 3 3 3 3 2 2 2 2 2 2 3 3
3 3 3 3 3 3 3 3 3 3 3 3 3 3 3 3 3 3 2 2 2 2 2 2 3 3
2 2 2 2 2 2 2 2 2 2 2 2 2 2 2 2 2 2 2 2 2 2 2 2 2 2
2 2 2 2 2 2 2 2 2 2 2 2 2 2 2 2 2 2 2 2 2 2 2 2 2 2
2 2 2 2 2 2 2 2 2 2 2 2 2 2 2 2 2 2 2 2 2 2 2 2 2 2
2 2 2 2 2 2 2 2 2 2 2 2 2 2 2 2 2 2 2 2 2 2 2 2 2 2
2 2 2 2 2 2 2 2 2 2 2 2 2 2 2 2 2 2 2 2 2 2 2 2 2 2
2 2 2 2 2 2 2 2 2 2 2 2 2 2 2 2 2 2 2 2 2 2 2 2 2 2
3 3 3 3 3 2 2 2 2 2 2 3 3 3 3 3 3 3 2 2 2 2 2 2 3 3
3 3 3 3 3 2 2 2 2 2 2 3 3 3 3 3 3 3 2 2 2 2 2 2 3 3
3 3 3 3 3 2 2 2 2 2 2 3 3 3 3 3 3 3 2 2 2 2 2 2 3 3
3 3 3 3 3 2 2 2 2 2 2 3 3 3 3 3 3 3 2 2 2 2 2 2 3 3
3 3 3 3 3 2 2 2 2 2 2 3 3 3 3 3 3 3 2 2 2 2 2 2 3 3
3 3 3 3 3 2 2 2 2 2 2 3 3 3 3 3 3 3 2 2 2 2 2 2 3 3
3 3 3 3 3 2 2 2 2 2 2 3 3 3 3 3 3 3 2 2 2 2 2 2 3 3
3 3 3 3 3 2 2 2 2 2 2 3 3 3 3 3 3 3 2 2 2 2 2 2 3 3
3 3 3 3 3 2 2 2 2 2 2 3 3 3 3 3 3 3 2 2 2 2 2 2 3 3
3 3 3 3 3 2 2 2 2 2 2 3 3 3 3 3 3 3 2 2 2 2 2 2 3 3
3 3 3 3 3 2 2 2 2 2 2 3 3 3 3 3 3 3 2 2 2 2 2 2 3 3
3 3 3 3 3 2 2 2 2 2 2 3 3 3 3 3 3 3 2 2 2 2 2 2 3 3